1.836432330310344696e-02 4.391389489173889160e-01 2.190981507301330566e-01 5.597333982586860657e-02 2.674252986907958984e-01
3.035274893045425415e-02 5.449294447898864746e-01 1.811658591032028198e-01 2.665031515061855316e-02 2.169017344713211060e-01
1.243319883942604065e-01 8.906751126050949097e-02 2.098421305418014526e-01 1.792010664939880371e-01 3.975573182106018066e-01
4.401070177555084229e-01 1.275732927024364471e-02 3.139992710202932358e-03 4.804965555667877197e-01 6.349903345108032227e-02
3.756724298000335693e-01 8.030846947804093361e-04 6.082686036825180054e-02 4.358747005462646484e-01 1.268229931592941284e-01
5.806322693824768066e-01 1.449779956601560116e-03 3.143566846847534180e-02 1.965381205081939697e-01 1.899441778659820557e-01
7.584376726299524307e-03 5.001664161682128906e-01 4.179259538650512695e-01 1.264070719480514526e-02 6.168254464864730835e-02
2.678692340850830078e-01 4.201559126377105713e-01 1.403240114450454712e-01 4.255605489015579224e-02 1.290947496891021729e-01
1.405403297394514084e-02 7.829872369766235352e-01 1.120167523622512817e-01 7.425414398312568665e-03 8.351656049489974976e-02
4.219184163957834244e-03 8.543018102645874023e-01 7.709075510501861572e-02 1.270458474755287170e-02 5.168368294835090637e-02
